lr: 0.0032793524826683377
rho: 1.2978693501518723
