lr: 0.046148094723192847
rho: 0.3281836819450551
