lr: 0.0006891035719087289
rho: 1.3853610647132801
