lr: 0.007438143153267609
rho: 1.8711875655453907
