lr: 0.046758298422541
rho: 1.8608152993642733
