lr: 0.03640607834769171
rho: 2.0297236726749053
