lr: 0.06442013461320074
rho: 1.6382713130745699
