lr: 0.07740342527323894
rho: 1.8601891737944265
