lr: 0.014826617176351472
rho: 1.310839062618201
