lr: 0.04715872904614947
rho: 1.5963176533469539
