lr: 0.005430397898769838
rho: 0.4064816170396859
