lr: 0.08833499957160078
rho: 0.5161518987809032
