lr: 0.08691469762314355
rho: 1.5047597578702
