lr: 0.06783058809893525
rho: 2.2148810583295653
