lr: 0.031472574671921334
rho: 1.6637879305734482
