lr: 0.08377255598054903
rho: 1.3537513185399725
