lr: 0.0005985899531869037
rho: 2.08999228440855
