lr: 0.07685524995969603
rho: 1.5329247818593732
