lr: 0.04331939335794865
rho: 1.5763781323416841
