lr: 0.02952315882671858
rho: 1.3885947115027424
