lr: 0.051502242853546036
rho: 1.6606105611832989
