lr: 1.3036584926192595e-05
rho: 0.3779722283431244
