lr: 0.001644701802468037
rho: 2.236169854151697
