lr: 0.036227843015531926
rho: 1.6335398733265238
