lr: 0.024133937040321154
rho: 1.6730397661656466
