lr: 0.08365833741283517
rho: 1.7481145844242159
