lr: 0.0007845185312269759
rho: 1.2724733957501002
