lr: 0.0281760162537382
rho: 1.538885644799392
