lr: 0.07198858179129419
rho: 1.9816084324577694
