lr: 0.04556904243547892
rho: 1.6813080356719694
