lr: 0.06377357361282326
rho: 1.4246835271160636
