lr: 0.001517303994940641
rho: 1.8148920966536797
