lr: 0.09918890697332496
rho: 1.6549528476854887
