lr: 0.054395369244426776
rho: 1.5232228250084772
