lr: 0.0018722014948726036
rho: 0.6380945818206649
