lr: 0.09926194265426092
rho: 1.7758599769517893
