lr: 0.007137948486979513
rho: 0.8128130388297172
