lr: 0.06026891218943926
rho: 1.7368107592550288
