lr: 0.044952933084308394
rho: 1.362004596969447
