lr: 0.07933866925825611
rho: 1.605061284500114
