lr: 0.0002720677397768235
rho: 1.6259855972346204
