lr: 0.06978901521122562
rho: 2.330639973444676
