lr: 0.017871935465599474
rho: 1.421966297566896
