lr: 0.00029884125563476324
rho: 0.7252477836377151
