lr: 0.07159648633987226
rho: 1.582021856501289
