lr: 0.0011827630893697994
rho: 0.513906010562105
