lr: 0.00033371096788286525
rho: 1.8391573665870289
