lr: 0.05170010844314502
rho: 1.3263657333790169
