lr: 0.03267963769824402
rho: 0.5949110751245636
