lr: 0.08012525182250858
rho: 1.6279247844089773
