lr: 0.012333922876272151
rho: 0.4244479431492355
