lr: 0.0009600351678269526
rho: 0.7255320156159151
