lr: 0.07754729300124634
rho: 1.3335924104631989
