lr: 0.04467710578103883
rho: 1.9543702036454529
