lr: 0.05362663769150834
rho: 1.6390943594659049
