lr: 0.03228920890923851
rho: 2.2274355119385727
