lr: 0.05629483086585652
rho: 1.7961215826548818
