lr: 0.002532679940048839
rho: 0.20383661121001917
