lr: 0.051003775419731945
rho: 1.6058525583876326
