lr: 0.07167852370425584
rho: 2.030433449379162
