lr: 0.002977874362675611
rho: 0.5357297626039419
