lr: 0.00010511810468004379
rho: 1.0451103180061503
