lr: 0.09876320772426903
rho: 1.7204012226939478
