lr: 0.04726664778073853
rho: 0.47464955682655335
