lr: 0.09837264668078818
rho: 1.8698843962263276
