lr: 0.033123264009756286
rho: 1.7839619230652872
