lr: 0.04428819419541364
rho: 1.6220757766845324
