lr: 0.0011264226604482347
rho: 1.0069598671550062
