lr: 0.09962145227968468
rho: 1.7012605104265055
