lr: 0.02002555441498158
rho: 0.211498976064092
