lr: 0.002887919523992643
rho: 0.7436325938658919
