lr: 0.05209327113690578
rho: 2.082520230449664
