lr: 0.08177270993864783
rho: 1.4104858649744614
