lr: 0.050465618308236794
rho: 1.4099357211329686
