lr: 0.0001051798431201121
rho: 1.4746724361157593
