lr: 0.05676626157728349
rho: 1.8405174114275324
