lr: 0.03407560869365404
rho: 0.3134883470034213
