lr: 0.04613966613150619
rho: 1.3212812844175983
