lr: 0.00243388911365758
rho: 2.2289659099493755
