lr: 0.03487305594972476
rho: 1.4863838357050148
