lr: 0.00026103956045803856
rho: 2.3851807276937413
