lr: 0.04484065846779125
rho: 1.7574794330386208
