lr: 0.0010178858030445968
rho: 0.2592967097591653
