lr: 0.0766505896907257
rho: 2.009092556431852
