lr: 0.0700337893507631
rho: 1.4215200514057313
