lr: 0.016633758085620676
rho: 1.521103032878981
