lr: 0.08472205387805475
rho: 0.9491236528871279
