lr: 0.0017097403835922037
rho: 1.0057875070779592
