lr: 0.04069243112045279
rho: 1.8128963032763101
