lr: 0.033327005834511994
rho: 1.6131276371772745
