lr: 0.0010147770255707377
rho: 1.6604253410886776
