lr: 7.449569015431072e-05
rho: 0.6014263990330296
