lr: 0.023334832762656625
rho: 1.7949159180724314
