lr: 0.039205279000396956
rho: 1.5614882344763326
