lr: 0.00855662784425036
rho: 1.182206479191505
