lr: 0.046337596462392446
rho: 1.6257545309772479
