lr: 0.0009474691313567709
rho: 1.9276496783333847
