lr: 0.06870438412565284
rho: 1.89600125082335
