lr: 0.010005178662105879
rho: 0.8182304046487696
