lr: 0.0890431770292758
rho: 1.9309208760373737
