lr: 0.04233178387241007
rho: 1.6088269558707373
