lr: 0.031825530227447045
rho: 1.6417315412507505
