lr: 0.01835936788403603
rho: 2.388585252501329
