lr: 4.9208490814832455e-05
rho: 1.416391929803502
