lr: 0.03142340139077921
rho: 1.685022424007066
