lr: 0.06379170240950384
rho: 1.503325869010421
