lr: 0.00830481897922508
rho: 1.9260074218374812
