lr: 0.0463507358700796
rho: 0.38773237662170773
