lr: 0.037315523964716
rho: 0.42865490031868997
