lr: 0.06906929917032317
rho: 1.4434599396090455
