lr: 0.019910521810974934
rho: 1.497751445739163
