lr: 0.0005189924635364341
rho: 1.800121343567456
