lr: 0.06731954278676089
rho: 2.0650286159209403
