lr: 1.3191257571181629e-05
rho: 0.8562539757418457
