lr: 0.0008585703859207916
rho: 0.4363230700231882
