lr: 0.060935041203636575
rho: 1.5385787183758415
