lr: 0.0202274524314693
rho: 1.4315818033381336
