lr: 0.001637222976768933
rho: 2.06531047158716
