lr: 0.027018140889455224
rho: 1.1538978344089132
