lr: 1.113076016137924e-05
rho: 0.8163979103739006
