lr: 0.005753776232347319
rho: 2.040389798181673
