lr: 0.017221598511279756
rho: 1.654448687438513
