lr: 0.021019006282643807
rho: 1.221124538235081
