lr: 0.05458794744045306
rho: 2.0479588702655755
