lr: 0.0023145276325761757
rho: 2.421052744119577
