lr: 0.013614726940650659
rho: 1.8862470997679586
