lr: 0.05568808941352153
rho: 1.6087781949514919
