lr: 0.0023146765761179505
rho: 1.7309567072706715
