lr: 2.4758041856770185e-05
rho: 0.5505881649788971
