lr: 0.036598980038950894
rho: 1.561896887996216
