lr: 0.02894332949203153
rho: 1.6327900739868166
