lr: 0.00010279847214947995
rho: 0.27365952943954963
