lr: 0.0798447986649016
rho: 1.7428979253170016
