lr: 0.0821024240483839
rho: 1.7110182034047674
