lr: 0.003329160987741858
rho: 2.362918034058441
