lr: 0.0859533239590762
rho: 1.3457316419577299
