lr: 0.045538018165761314
rho: 1.6530600032714076
