lr: 0.0012971926860864764
rho: 1.0196130353331727
