lr: 0.07393348196566543
rho: 1.3286869791522116
