lr: 0.08123129936890869
rho: 1.5928038751066598
