lr: 0.04239360503530474
rho: 0.37675452869800286
