lr: 0.0068718290577305385
rho: 1.8840050339542678
