lr: 0.08614803681665086
rho: 1.9110048830688942
