lr: 0.041521337851271906
rho: 1.4530015592805192
