lr: 0.09855507530615021
rho: 1.6754920416018062
