lr: 0.0013279144686072877
rho: 0.3157652878953624
