lr: 0.00043019756411747295
rho: 0.2204238010767837
