lr: 0.06508939540432108
rho: 1.2374680387671377
