lr: 0.0736622254194685
rho: 2.1510322644525868
