lr: 0.0991826188896323
rho: 1.8426382357227742
