lr: 0.001040972172517273
rho: 0.9777258754858645
