lr: 0.004483179516403553
rho: 1.5663870314513042
