lr: 0.0022395580295741296
rho: 1.028545132135442
