lr: 0.05560447903223445
rho: 1.4384689059978657
