lr: 0.00017909819457504367
rho: 0.3348756158405115
