lr: 0.08531942368007846
rho: 1.4979132802114805
