lr: 0.04931935961596152
rho: 1.5602983314435213
