lr: 0.022668345698534122
rho: 0.5708122230755577
