lr: 0.04488209592568018
rho: 1.7953817532948249
