lr: 0.0349051790537974
rho: 1.564945184966296
