lr: 0.0019283139422126634
rho: 2.085870706218931
