lr: 0.09998633372525129
rho: 1.4508811366292558
