lr: 4.78985665127766e-05
rho: 1.3085805371137027
