lr: 0.03137825242683033
rho: 0.35573555434428056
