lr: 0.051644878984421196
rho: 1.2515422493158688
