lr: 0.06548227809737585
rho: 0.357875093383241
