lr: 0.06697678717256915
rho: 1.6432467992074982
