lr: 0.0020573070409543653
rho: 1.5225900184713372
