lr: 0.00013131274673013573
rho: 1.7335120591291369
