lr: 0.017810222964968835
rho: 1.5662592684909964
