lr: 0.011814990995938293
rho: 0.6258846831337224
