lr: 0.09999239929770698
rho: 2.0357177326640294
