lr: 0.04263574364751576
rho: 1.2625118540053748
