lr: 0.04261263998704564
rho: 1.4439259411774246
