lr: 0.026871106183437625
rho: 0.7220080233820897
