lr: 0.037198377500565864
rho: 1.0824860110641745
