lr: 1.1061438895034578e-05
rho: 2.2899241852936205
