lr: 0.0015049122405824437
rho: 1.8306492649291601
