lr: 0.02785832134740431
rho: 1.770800007840435
