lr: 0.039803239003171564
rho: 1.7046310601612658
