lr: 0.0034781847225363845
rho: 0.3763013526658831
