lr: 0.0826795266813328
rho: 1.7145978102628303
