lr: 0.010057273606820226
rho: 1.350461998700173
