lr: 0.08234310455990695
rho: 1.5687145020957483
