lr: 0.019981754819818145
rho: 2.159803219965541
