lr: 0.00031045403206625405
rho: 0.7514541511693047
