lr: 0.06538671979543588
rho: 0.7083749051599311
