lr: 0.08407582734195078
rho: 1.5942263019136502
