lr: 0.08097962646708541
rho: 1.1118564170376692
