lr: 0.06587432337933852
rho: 1.9084262522710211
