lr: 0.028189851948298778
rho: 1.5923349218508618
