lr: 0.038724569331722386
rho: 2.0295646002237313
