lr: 0.05985550949125235
rho: 1.8124742995947813
