lr: 0.03650758286587391
rho: 2.149906478200541
