lr: 0.002917292834332994
rho: 1.2187793276262024
