lr: 0.006582468451228301
rho: 1.6719557095111737
