lr: 0.058706361282295824
rho: 1.4823065847134549
