lr: 0.0005357404351164501
rho: 0.533761126119994
