lr: 0.07405400161254891
rho: 1.537719158109318
