lr: 0.07095729304953391
rho: 1.478293668314884
