lr: 0.04464541756844728
rho: 1.6149267938032614
