lr: 0.0842342988196219
rho: 1.3568462730042854
