lr: 0.07046764787625066
rho: 1.6816403579600112
