lr: 0.010702411599573575
rho: 1.4353520083631324
