lr: 0.04321885197216133
rho: 1.5952703200519054
