lr: 0.027526012174268037
rho: 1.5109932179772225
