lr: 0.08553788689927173
rho: 1.839942741730211
