lr: 0.06434578989727731
rho: 1.6846498078074135
