lr: 0.05998389399529331
rho: 1.5337055019615482
