lr: 0.008160398211307485
rho: 0.6441273501307246
