lr: 0.009118398066198317
rho: 0.5843762906108021
