lr: 0.08329765335084627
rho: 1.1677268465672495
