lr: 0.061159337451533465
rho: 1.7041176663037607
