lr: 0.031281718501859714
rho: 1.492080840854428
