lr: 0.004601521741314758
rho: 0.48208559307622467
