lr: 0.057528955019830116
rho: 0.7855821804002681
