lr: 0.08253912802055849
rho: 1.4375866309219612
