lr: 0.03493601072493706
rho: 1.6019577338298592
