lr: 0.021283751201970104
rho: 1.6608787325634191
