lr: 9.176980782778213e-05
rho: 1.5877249544959682
