lr: 0.029633776227178842
rho: 1.5911452971370146
