lr: 0.0013320248053692323
rho: 0.3233922850617809
