lr: 0.05569205228903093
rho: 1.587187281427779
