lr: 0.0001935428944803273
rho: 2.4352981160680893
