lr: 1.0043616863802428e-05
rho: 0.4433906091880249
