lr: 0.05174707477342605
rho: 0.20253234755766175
