lr: 0.0007942536250019126
rho: 0.30734825745250816
