lr: 0.06549253111060466
rho: 0.2669866194183388
