lr: 0.03502077432536927
rho: 1.7812186148586604
