lr: 0.026165508739796717
rho: 1.08293059586447
