lr: 0.05486625292181305
rho: 1.674030708437715
