lr: 0.0019580674365846794
rho: 1.9081043947722058
