lr: 9.093151850038473e-05
rho: 1.6753563158077058
