lr: 0.047792380503149136
rho: 0.395690761610941
