lr: 0.06196518539787073
rho: 0.5381683641933747
