lr: 0.034923791544634326
rho: 1.7568549765439523
