lr: 0.01884679420581062
rho: 1.7870453412457905
