lr: 0.0006570016294719391
rho: 0.8756924715770671
