lr: 0.05383188098444982
rho: 1.3974207538438665
