lr: 0.0307327689026506
rho: 1.4648140853922191
