lr: 0.06016637847562117
rho: 1.5629338667996466
