lr: 0.07485614704882923
rho: 1.6532793917273885
