lr: 0.07764835362250866
rho: 1.3803165178786163
