lr: 0.00010788963708848544
rho: 2.0889022966860606
