lr: 0.07551416146606928
rho: 1.6364884424895247
