lr: 0.05220938164693126
rho: 1.6143858505925408
