lr: 0.0730134847083052
rho: 0.48524058046507984
