lr: 0.0313262303319428
rho: 1.4435246088720466
