lr: 0.004264652110510099
rho: 1.5467659332796397
