lr: 4.511403617204669e-05
rho: 0.6494863816124129
