lr: 0.07189334447146647
rho: 1.5396061051573597
