lr: 0.08312955937784562
rho: 2.3836265887917265
