lr: 0.019096950528397157
rho: 1.2652082444076378
