lr: 0.037495066553718884
rho: 1.476450033834888
