lr: 0.06368611430805116
rho: 1.3576802480185637
