lr: 0.02446361552454888
rho: 1.7509015882673846
