lr: 0.06816758994063334
rho: 1.5366733553337109
