lr: 6.603697015586686e-05
rho: 1.1856339402537917
