lr: 0.08092485399406119
rho: 1.691051516792233
