lr: 0.0001315783051315089
rho: 0.7820546679346361
