lr: 0.0631502642544821
rho: 0.5274747517261709
