lr: 0.07999441969953422
rho: 2.234565488723571
