lr: 0.05629916725154594
rho: 1.5848362035196377
