lr: 0.054910627961429086
rho: 2.0015847671184104
