lr: 0.023096644201400854
rho: 1.463367674277855
