lr: 0.0001839794303051386
rho: 0.7837123505283926
