lr: 0.011956453343879838
rho: 1.4626064018620317
