lr: 0.047909006551797285
rho: 1.364107832972766
