lr: 0.09987792328091287
rho: 1.728840388236945
