lr: 0.07791214769775881
rho: 1.4431784246869808
