lr: 0.06793979729747857
rho: 1.8462872557112813
