lr: 0.037896188328247635
rho: 1.562595211649577
