lr: 0.057292501796453316
rho: 1.4777782158906514
