lr: 0.06709993150575311
rho: 1.3998324309236234
