lr: 1.6792470735957096e-05
rho: 0.9352027788888226
