lr: 0.0038521882875454266
rho: 0.4333901952544745
