lr: 0.050575748422206405
rho: 1.618226893771217
