lr: 1.8960399783337062e-05
rho: 0.2753218078150665
