lr: 0.004312839839559827
rho: 1.5061700810599359
