lr: 0.0929584790707139
rho: 1.9490651592748145
