lr: 0.00041074911119905037
rho: 1.5316570933289468
