lr: 0.06161292796287429
rho: 2.192204006334109
