lr: 0.0007282742995153784
rho: 1.5459952049944405
