lr: 0.009936281529253146
rho: 0.9448257047120823
