lr: 0.03172635674630172
rho: 1.5289645331533905
