lr: 0.09875838155769393
rho: 1.3993233204971713
