lr: 0.02818655676100283
rho: 1.4638635225275012
