lr: 0.03454194248105679
rho: 1.724802135330898
