lr: 0.053741321578026274
rho: 1.792833849228009
