lr: 0.006017514247656386
rho: 0.24008901092655588
