lr: 0.03518165431942627
rho: 1.7977787413548425
