lr: 0.05393459398616556
rho: 1.5110354113203115
