lr: 0.022129227662022796
rho: 2.48503850971394
