lr: 0.07078980698594686
rho: 1.2779118919531895
