lr: 0.04793177975491352
rho: 0.6040422623244953
