lr: 0.05468170716591173
rho: 1.8208979594450747
