lr: 0.08424258751139872
rho: 1.3970826045616151
