lr: 0.03419337700300155
rho: 1.5699963617388255
