lr: 0.0716352929387424
rho: 1.5222859656930063
