lr: 0.024150360579096506
rho: 1.389944675982496
