lr: 0.03713825156623673
rho: 0.6427492084842599
