lr: 0.05920237599368544
rho: 1.9488764919118244
