lr: 0.0032853603735535993
rho: 2.330157864997421
