lr: 0.034288534143529385
rho: 1.7495168728917039
