lr: 0.02591624105177713
rho: 1.6720230282478374
