lr: 0.00015512343116991172
rho: 0.7885982566756067
