lr: 0.03709955555342973
rho: 1.4092366344196159
