lr: 3.6986730966058916e-05
rho: 1.9671172078105437
