lr: 0.03797142436984747
rho: 1.6505595202277663
