lr: 0.0012673903546589584
rho: 0.4236089327567325
