lr: 0.07349785655501433
rho: 1.6908113773108904
