lr: 0.061686844941914
rho: 1.5350094376938448
