lr: 0.04362291696800758
rho: 2.1172947925912946
