lr: 0.04956974118912843
rho: 1.9494290999794563
