lr: 0.0014190901709264982
rho: 2.06900372094716
