lr: 0.0003765102655086513
rho: 1.51512342026964
