lr: 0.04342549396488016
rho: 1.569624474498007
