lr: 0.004194297219792374
rho: 2.203187540079743
