lr: 0.04486368516795665
rho: 1.6475204089058595
