lr: 0.040483409891911654
rho: 1.455043796354134
