lr: 0.05248898349372044
rho: 1.6358239214438512
