lr: 0.012718627003115561
rho: 0.22511940736547742
