lr: 0.09903921671395366
rho: 1.4331397292475356
