lr: 0.07070459059384984
rho: 0.2593774473245207
