lr: 0.0003929952812492586
rho: 1.506202553004032
