lr: 0.029168781809524112
rho: 1.3786971534953838
