lr: 0.00411864065094399
rho: 2.2008602405399524
