lr: 0.01412379251205165
rho: 2.126125935927676
