lr: 0.05113019274110686
rho: 1.6119545727571702
