lr: 0.0028325387047761995
rho: 1.4149867324897267
