lr: 0.03581695140791415
rho: 1.6329525613285627
