lr: 0.03954590827395452
rho: 1.0571258758042603
