lr: 1.623040941239059e-05
rho: 1.2310225209748082
