lr: 0.05933284579186695
rho: 1.3749861045574918
