lr: 0.026063563008232114
rho: 1.7401609501331334
