lr: 0.08266372656191524
rho: 1.5432374443380374
