lr: 0.06151229305370836
rho: 1.2888017776109766
