lr: 0.09188540806646915
rho: 1.475590415433395
