lr: 0.058845449979810366
rho: 2.168677958858854
