lr: 0.02992355273706764
rho: 0.2856877435932208
