lr: 0.04395909904090833
rho: 0.9042715908438126
