lr: 0.0745510092330368
rho: 1.6282716243116446
