lr: 0.0013618819738266468
rho: 1.826684432331197
