lr: 0.0011647166435998027
rho: 1.491630429167588
