lr: 0.006979467573297409
rho: 1.9993232474745561
