lr: 0.06141747220926696
rho: 1.4902474873084248
