lr: 0.048371739141942226
rho: 1.7671566283275015
