lr: 0.04395092933749119
rho: 2.2641554069405907
