lr: 0.00880899235482528
rho: 1.995747761981089
