lr: 0.035718366590611283
rho: 1.230450649784886
