lr: 0.051506488094014716
rho: 1.3864664472649744
