lr: 0.03477127030222947
rho: 2.0366812931354303
