lr: 0.004864255532014471
rho: 1.4750135822353998
