lr: 0.09485319503493311
rho: 1.8054678063722047
