lr: 0.02662120820387549
rho: 2.031142615922934
