lr: 0.0003169984171688421
rho: 0.720257011146071
