lr: 0.001380515175963108
rho: 2.2217648299067134
