lr: 0.020635603589697266
rho: 1.310419519696931
