lr: 0.08333316781340075
rho: 1.6578455360950592
