lr: 0.0522794170771983
rho: 1.4371447623159466
