lr: 0.00013647487679400552
rho: 1.6455145824500754
