lr: 0.004016763282767731
rho: 2.110357320730607
