lr: 0.005353949878556857
rho: 1.6213305878839208
