lr: 0.06865212357306422
rho: 1.5570514910182085
