lr: 0.03906772167786437
rho: 1.9770570151271611
