lr: 0.0673618088398207
rho: 1.5907137837971104
