lr: 0.00018378514554358102
rho: 0.5499382976616896
