lr: 0.0691605411828662
rho: 1.576471033410607
