lr: 0.0005462663835130328
rho: 1.5260445537562268
