lr: 0.07454923046499592
rho: 1.5478621004307005
