lr: 0.061279913077713084
rho: 1.5905117984595547
