lr: 0.0035239599925735803
rho: 2.2514901107041534
