lr: 0.006587128900105197
rho: 0.31177222231679147
