lr: 0.00039477202460261367
rho: 1.3590765224480978
