lr: 2.285790985107155e-05
rho: 1.1401638750822802
