lr: 0.010919924952676312
rho: 2.482622323337016
