lr: 0.0027771587893166473
rho: 2.101474731324947
