lr: 0.00010233280977636986
rho: 1.8425333608866954
