lr: 0.0004220074793396053
rho: 0.5643944319584565
