lr: 0.09894822808097273
rho: 2.007275051450897
