lr: 1.2598645367494226e-05
rho: 0.7003950073148497
