lr: 0.0007844824590681811
rho: 1.52981711989966
