lr: 0.017153015529015006
rho: 1.7599476733371315
