lr: 0.00045691599128972
rho: 1.8036435690309536
