lr: 0.08329549298738943
rho: 1.631333997654497
