lr: 0.047500435361854186
rho: 0.9244009014971941
