lr: 0.005320385275123584
rho: 0.2972875041953576
