lr: 0.09927172150337354
rho: 1.9478987108826193
