lr: 0.02596447446736684
rho: 1.7020820249421842
