lr: 0.06748581567615766
rho: 1.441726147928869
