lr: 7.724621135761855e-05
rho: 0.4697387966640774
