lr: 0.049238760993363266
rho: 1.5612872776444444
