lr: 0.03997256294896088
rho: 1.6249929519423527
