lr: 3.1002595931576336e-05
rho: 1.887659247157094
