lr: 0.05444032268183485
rho: 2.1016021843045447
