lr: 0.059622207330856214
rho: 1.4214743896739386
