lr: 0.024682193557017208
rho: 1.5608610186323888
