lr: 0.0012441379477005476
rho: 2.288404577991476
