lr: 0.06719724466947204
rho: 1.758596382261267
