lr: 2.4424118629683773e-05
rho: 1.6927625964920754
