lr: 0.06023592221045878
rho: 1.474491238212583
