lr: 0.022917513231918395
rho: 0.9214529880696569
