lr: 0.05319059670208166
rho: 1.6667392545823385
