lr: 0.08229738615921008
rho: 1.6722722505926235
