lr: 0.004562701555805112
rho: 2.2858596690670034
