lr: 0.0460971100445656
rho: 1.5784184652633884
