lr: 9.650379533938943e-05
rho: 0.35239568365473883
