lr: 0.03315898719717185
rho: 1.515260652529473
