lr: 0.02195867858848403
rho: 1.4843262509731359
