lr: 0.014917829131728195
rho: 0.3639411663565114
