lr: 0.01543906757258291
rho: 1.444967288667311
