lr: 0.029817460524853907
rho: 1.7411682633111432
