lr: 0.08649318947149556
rho: 1.9498487507820856
