lr: 0.056748834420881425
rho: 2.346374501306546
