lr: 0.09826374407825825
rho: 1.7317057582451383
