lr: 0.07141103220805942
rho: 1.659260903849929
