lr: 0.08538745730350185
rho: 1.3589008211209213
