lr: 0.00012457113624725775
rho: 1.1029654146533034
