lr: 0.09937873691700912
rho: 1.6646646791977908
