lr: 0.038802202135550176
rho: 1.6641446680597651
