lr: 0.06276671281141272
rho: 0.48080259712777795
