lr: 0.04481324893886638
rho: 2.0571544479779234
