lr: 0.09991029283997917
rho: 1.8196053820418956
