lr: 0.0367160471492168
rho: 0.20624344882710202
