lr: 0.01733220276328748
rho: 1.7334602451683672
