lr: 0.03807858777163963
rho: 1.7130621652497524
