lr: 0.08282548833897102
rho: 2.0898179196217157
