lr: 0.09689739862079765
rho: 1.1345332809975606
