lr: 8.374231292036247e-05
rho: 0.2371700283886433
