lr: 3.453953632156501e-05
rho: 2.461210444507039
