lr: 0.000572687685698456
rho: 1.509878212271417
