lr: 0.0005453562005018944
rho: 0.7262612325658002
