lr: 0.0024220347080238717
rho: 1.573620058821101
