lr: 0.027739832846336243
rho: 1.75152590717572
