lr: 0.0782184189977785
rho: 2.151188353291648
