lr: 0.059181587282810644
rho: 1.7222144510929467
