lr: 0.002963037797335915
rho: 2.231293145612834
