lr: 0.07134780974980603
rho: 1.7766661943581794
