lr: 0.05644136967192276
rho: 1.468211930681803
