lr: 0.07767455720125638
rho: 1.6383644378860187
