lr: 0.0677349606235322
rho: 1.688072216952748
