lr: 0.05622252139165404
rho: 1.7601364857324997
