lr: 0.03851108190878126
rho: 1.8950398310426388
