lr: 0.0003586191788677483
rho: 1.7002535145074584
