lr: 0.05946301159991809
rho: 1.462666799473981
