lr: 0.04273291118870017
rho: 0.5625194486025605
