lr: 0.026518172228620455
rho: 0.4036045754835882
