lr: 0.0002522718425063575
rho: 0.46998701572542173
