lr: 0.024236706679330908
rho: 1.4010306564962822
