lr: 0.029970935517461984
rho: 1.545234837087697
