lr: 0.07558440889623129
rho: 1.3832892774207317
