lr: 0.056364672747527475
rho: 1.4103556453656705
