lr: 0.03928409293758507
rho: 1.5129078464880994
