lr: 1.5133107568139196e-05
rho: 1.8594119177146102
