lr: 0.02776829924004739
rho: 1.5963508540813118
