lr: 0.05532131099702558
rho: 1.457263296534768
