lr: 0.00016375240099915443
rho: 1.1725815029313396
