lr: 0.019530540314294437
rho: 1.7992073927184067
