lr: 0.050562756286232344
rho: 1.590172678548002
