lr: 0.045638432231497265
rho: 2.187148446132484
