lr: 0.033880389235649934
rho: 1.4088140783481655
