lr: 0.040748519351193245
rho: 1.8055383454947893
