lr: 0.09965732208103592
rho: 0.4376531667264477
