lr: 0.05154377863586921
rho: 2.1164705815364773
