lr: 5.714197519329837e-05
rho: 0.9443735335567246
