lr: 0.0543314369526265
rho: 1.6262037130157434
