lr: 0.0860840549005192
rho: 1.9661083977276013
