lr: 0.07955409340289833
rho: 1.7375629151738405
