lr: 0.06515426554994118
rho: 1.473233928180943
