lr: 0.08237836353055565
rho: 1.7224060424185028
