lr: 0.028301591451141757
rho: 1.2938914078616301
