lr: 0.0557782372271429
rho: 1.7007076911310195
