lr: 0.07870431841679884
rho: 0.46571768169010713
