lr: 0.0002685285675325717
rho: 1.5149043683810037
