lr: 0.07367077878860534
rho: 1.5113949746915694
