lr: 0.06306053334587192
rho: 1.7744207898446012
