lr: 0.013775825636747637
rho: 1.2332186083779944
