lr: 0.0002385185426943673
rho: 1.7008387200284567
