lr: 0.00016442400061442565
rho: 1.4052724698406047
