lr: 0.04789079653084034
rho: 2.3517568967754214
