lr: 0.0007533118882936373
rho: 0.4824211604413656
