lr: 5.638889682761536e-05
rho: 0.6635127962010674
