lr: 0.08676824132523486
rho: 1.4192808530636656
