lr: 0.0690157728096949
rho: 1.726422615364957
