lr: 0.004554968749458754
rho: 2.312035630726753
