lr: 2.5045713301169502e-05
rho: 1.0984835560476893
