lr: 0.04744679820810729
rho: 1.4923405887805057
