lr: 0.09969002274894037
rho: 1.5112108992600448
