lr: 0.0679831048277003
rho: 1.752714359268247
