lr: 0.0038959288092474268
rho: 0.5008182234087327
