lr: 0.031495802945170175
rho: 1.8975575266801004
