lr: 0.0800117811606294
rho: 1.571378185894354
