lr: 0.027071722327471348
rho: 1.9682065864555784
