lr: 0.07021646379169036
rho: 1.7601455035495743
