lr: 0.0017658686715564759
rho: 2.497572012520461
