lr: 1.656946057012261e-05
rho: 1.326109334412308
