lr: 0.03850986532961605
rho: 1.834217323102848
