lr: 0.022718297644631756
rho: 1.5688099015028505
