lr: 0.07557167500945901
rho: 1.7105550965328977
