lr: 0.08207409570488351
rho: 1.5571911619196412
