lr: 0.057305568617404656
rho: 0.45196001023390864
