lr: 0.03252202137259145
rho: 1.5496921600227846
