lr: 0.0004447495623676573
rho: 1.5326866059563173
