lr: 0.0619148792801994
rho: 1.4297532173783134
