lr: 0.0004633241314426917
rho: 1.318131241506724
