lr: 0.017827957922850527
rho: 1.9490764869126243
