lr: 0.08640480575073897
rho: 1.476626954268058
