lr: 5.221928648817905e-05
rho: 1.9979678561522372
