lr: 0.09862819899515457
rho: 0.4560826466373603
