lr: 0.09807852284341824
rho: 1.80946471295943
