lr: 0.03825275700195671
rho: 1.6218721418605346
