lr: 0.09847550205479472
rho: 1.7066615139521413
