lr: 0.07372336554009735
rho: 1.870320223742182
