lr: 0.0686273734715669
rho: 1.645879826104733
