lr: 0.06174171326757812
rho: 1.638658780020907
