lr: 0.09831299721797994
rho: 1.9050833267858385
