lr: 0.042713794804745596
rho: 2.29426339946828
