lr: 0.00015187690207696088
rho: 1.4815074406645607
