lr: 0.023722353387311757
rho: 1.907979921058326
