lr: 0.00018906017267890753
rho: 0.5063142628927861
