lr: 0.005124548009052476
rho: 2.3253102140224935
