lr: 0.023267626082302283
rho: 0.9959505860806668
