lr: 0.05379937460443083
rho: 1.5054610227265526
