lr: 0.049794828058322346
rho: 1.5245108772090574
