lr: 0.07697724501414765
rho: 0.23635707090124014
