lr: 0.04377154177130993
rho: 1.4655655579183164
