lr: 0.02128955976166225
rho: 1.7948333544069952
