lr: 0.08138736954018483
rho: 1.8645261943445173
