lr: 0.04011267974422913
rho: 2.0039530840111737
