lr: 0.03781030134778184
rho: 1.687575053828791
