lr: 6.908199112611541e-05
rho: 1.8785075218829066
