lr: 0.08644487480358133
rho: 1.5985527747503119
