lr: 0.047705626864151356
rho: 1.5661589430852014
