lr: 0.05204317098834943
rho: 0.27151523470805156
