lr: 0.00023649382274007824
rho: 0.463148155596931
