lr: 3.427843241150948e-05
rho: 2.469639633640255
