lr: 0.03988791197890205
rho: 2.1363696575468265
