lr: 0.03415644814159492
rho: 1.6303372542173398
