lr: 0.015650564909494964
rho: 2.0394036015782806
