lr: 0.05829601382601351
rho: 1.3621074112335263
