lr: 0.07331643118767397
rho: 1.5240760703778875
