lr: 0.06697757805214116
rho: 2.065451744146144
