lr: 0.08272010121562845
rho: 1.7013705785697468
