lr: 0.0593421808145951
rho: 1.6868569743065986
