lr: 0.031371873492615825
rho: 1.7495906709911813
