lr: 0.023645832017686403
rho: 2.0574309474539763
