lr: 0.04993459972028074
rho: 1.488584610931112
