lr: 0.07291259188594248
rho: 1.6972531076934132
