lr: 0.00018767053658901923
rho: 0.3350906302998663
