lr: 0.08403993464926109
rho: 1.6553666986048288
