lr: 0.0778490556023461
rho: 1.6190440594481934
