lr: 0.07275512666628144
rho: 2.422561438878809
