lr: 0.09525094477649129
rho: 1.5378527848519443
