lr: 0.08443686918487615
rho: 1.5959249543802227
