lr: 0.0008686560941934469
rho: 0.4225360313258991
