lr: 0.04263591525175702
rho: 1.404714495634493
