lr: 0.07512440846928162
rho: 1.5020312176963306
