lr: 0.0009476315242902472
rho: 0.21016786939799315
