lr: 0.09540963110780444
rho: 1.5392140101476401
