lr: 0.0320961765768641
rho: 1.9960285030550138
