lr: 0.06518261836695127
rho: 2.168976144173811
