lr: 0.02882567147472542
rho: 0.8911026622916713
