lr: 0.06137503881359341
rho: 1.9771526176253817
