lr: 0.0967082688568189
rho: 2.013924673912242
