lr: 0.001630602147304901
rho: 0.27670017578031014
