lr: 0.09702806682285554
rho: 1.5007326087258657
