lr: 0.02545213982363103
rho: 1.7272206742855365
