lr: 0.09948333917840155
rho: 1.8341895128816064
