lr: 0.04108199831849448
rho: 1.368377149186208
