lr: 0.0059679158537804785
rho: 0.8514834026803915
