lr: 0.05126952461297444
rho: 1.6260137298215762
