lr: 0.040506190897623036
rho: 1.5845978594947405
