lr: 0.04106422396987902
rho: 1.802978363964446
