lr: 2.2239712386486517e-05
rho: 0.867105535843128
