lr: 3.730033924287579e-05
rho: 1.5965932534907554
