lr: 0.0524552712285656
rho: 1.847571794555995
