lr: 0.09568138216312864
rho: 0.39863156255007776
