lr: 0.032172762701597926
rho: 2.430662061459518
