lr: 0.012561021457643023
rho: 0.8542172847757161
