lr: 0.0016598353918971642
rho: 0.6633434491277934
