lr: 0.01984084432530378
rho: 1.6079667488256337
