lr: 0.049222906836100165
rho: 1.3162580884626083
