lr: 0.0956329487887436
rho: 0.5535820014440922
