lr: 0.06120723647166158
rho: 1.5740830568229895
