lr: 0.019587277051822068
rho: 0.4675501999626226
