lr: 8.748493670741829e-05
rho: 1.4131827799897525
