lr: 0.04776354741077292
rho: 1.5784478362955234
