lr: 0.04438721739340722
rho: 1.4324621479819601
