lr: 0.08130922426419007
rho: 2.4757071723321413
