lr: 0.02328901669496828
rho: 1.6980671920188928
