lr: 0.00019464929444216414
rho: 0.350609192198407
