lr: 7.411401097485923e-05
rho: 0.3456038148302403
