lr: 0.02612943094207349
rho: 2.279436629606419
