lr: 0.00014683340433224514
rho: 1.4007919710892456
