lr: 0.00015058333204494685
rho: 1.561513300380913
