lr: 0.013765081075722788
rho: 0.6790280532781091
