lr: 0.0714820891145524
rho: 2.29769229763749
