lr: 0.00020750505453872803
rho: 0.4481541472475174
