lr: 3.024270969943636e-05
rho: 0.2016364201107719
