lr: 0.09876057971031613
rho: 1.622654633568489
