lr: 1.0092574888739182e-05
rho: 0.38793752255485436
